5,6 1
7,6 1
5,7 1
7,7 1
5,8 1
7,8 1
5,9 1
7,9 1
5,10 1
7,10 1
5,11 1
7,11 1
5,12 1
7,12 1
5,13 1
7,13 1
5,14 1
5,15 1
6,15 2
7,15 2
8,15 2
8,13 2
9,15 2
9,13 2
10,15 2
10,13 2
11,15 2
11,13 2
12,15 2
12,13 2
13,15 2
13,13 2
14,15 2
14,13 2
15,15 2
15,13 2
16,15 2
16,13 2
17,15 2
17,13 2
18,15 2
18,13 2
19,13 2
20,13 2
21,14 1
21,15 1
21,16 1
19,16 1
21,17 1
19,17 1
21,18 1
19,18 1
21,19 1
19,19 1
21,20 1
19,20 1
21,21 1
19,21 1
19,22 1
19,23 1
20,23 2
21,23 2
22,23 2
22,21 2
23,23 2
23,21 2
24,23 2
24,21 2
25,23 2
25,21 2
26,23 2
26,21 2
27,23 2
27,21 2
28,23 2
28,21 2
29,23 2
29,21 2
30,23 2
30,21 2
31,23 2
31,21 2
32,23 2
32,21 2
33,23 2
33,21 2
34,23 2
34,21 2
35,23 2
36,23 2
37,23 1
37,22 1
37,21 1
35,21 1
37,20 1
35,20 1
37,19 1
35,19 1
37,18 1
35,18 1
37,17 1
35,17 1
37,16 1
35,16 1
37,15 1
35,15 1
37,14 1
35,14 1
37,13 1
35,13 1
37,12 1
35,12 1
37,11 1
35,11 1
37,10 1
35,10 1
35,9 1
37,9 1
37,8 1
36,7 2
35,7 2
34,7 2
34,9 2
33,7 2
33,9 2
32,7 2
32,9 2
31,7 2
31,9 2
30,7 2
30,9 2
29,7 2
29,9 2
28,7 2
28,9 2
27,9 2
26,9 2
25,9 1
25,8 1
25,7 1
25,6 1
27,7 1
27,6 1
27,5 1
27,4 1
27,3 1
25,5 1
25,4 1
25,3 1
25,2 1
26,1 2
27,1 2
28,1 2
28,3 2
29,1 2
29,3 2
30,1 2
30,3 2
31,1 2
31,3 2
32,1 2
32,3 2
33,1 2
33,3 2
34,1 2
34,3 2
35,1 2
35,3 2
36,1 2
36,3 2
37,1 2
37,3 2
38,1 2
38,3 2
39,1 2
39,3 2
40,1 2
40,3 2
41,1 2
41,3 2
42,1 2
42,3 2
43,1 2
43,3 2
44,1 2
44,3 2
45,1 2
45,3 2
46,1 2
46,3 2
47,1 2
47,3 2
48,1 2
49,1 2
50,2 1
50,3 1
50,4 1
48,3 1
48,4 1
50,5 1
48,5 1
50,6 1
48,6 1
50,7 1
48,7 1
50,8 1
48,8 1
50,9 1
48,9 1
50,10 1
48,10 1
50,11 1
48,11 1
50,12 1
48,12 1
50,13 1
48,13 1
50,14 1
48,14 1
50,15 1
48,15 1
50,16 1
48,16 1
48,17 1
48,18 1
49,18 2
50,18 2
51,18 2
51,16 2
52,18 2
52,16 2
53,18 2
53,16 2
54,18 2
54,16 2
55,18 2
55,16 2
56,18 2
56,16 2
57,18 2
57,16 2
58,18 2
58,16 2
59,18 2
59,16 2
60,18 2
60,16 2
61,18 2
61,16 2
62,18 2
62,16 2
63,18 2
63,16 2
64,18 2
64,16 2
65,18 2
65,16 2
66,18 2
66,16 2
67,18 2
67,16 2
68,18 2
68,16 2
69,18 2
69,16 2
70,18 2
70,16 2
71,18 2
71,16 2
72,18 2
72,16 2
73,18 2
73,16 2
74,18 2
74,16 2
75,18 2
75,16 2
76,18 2
76,16 2
77,18 2
77,16 2
78,17 1